6
10
7 21 37 83 39 73 32 41 7 8 29 49 14 60 2 15 38 67 22 62 
5
59
79
4
15
93

25
38 115 59 164 8 21 31 118 30 98 112 114 35 81 29 33 4 126 89 121 89 126 106 114 60 78 31 76 81 160 55 62 117 217 44 96 105 158 72 92 16 26 71 107 64 121 12 25 104 222 
25
95
131
226
196
50
44
102
189
232
121
58
125
18
148
103
136
239
141
202
154
72
138
95
114
48

50
1 500 500 500 205 415 5 37 158 404 138 286 247 482 65 161 83 194 150 279 196 236 8 129 226 280 227 269 97 172 125 342 203 436 68 101 36 129 200 414 65 165 241 416 180 360 227 227 138 260 179 382 130 364 88 121 216 229 172 378 59 184 111 216 3 133 79 144 109 246 38 149 108 298 242 455 71 111 244 251 223 320 63 302 198 326 233 318 104 221 25 74 50 174 203 334 86 241 55 243 
50
251
152
464
275
127
90
454
286
294
169
87
194
237
353
242
378
24
396
71
67
115
457
424
299
237
240
117
342
338
445
456
397
468
303
371
200
59
69
296
187
278
101
120
238
186
484
5
175
469
358

15
141 141 165 165 107 107 74 185 43 48 49 226 13 117 196 297 63 141 21 202 73 78 109 119 67 206 80 181 187 220 
8
141
244
313
72
205
311
169
107

20
26 49 76 224 117 290 167 345 32 37 82 218 3 75 53 237 5 119 55 259 75 120 125 260 15 112 65 256 84 140 134 270 182 285 232 342 173 350 223 375 
15
214
134
197
50
105
77
168
83
54
56
126
66
135
233
224

15
138 204 98 138 20 195 173 335 76 269 166 243 157 217 34 95 183 346 85 93 93 224 61 175 91 165 109 280 171 182 
8
138
50
337
228
190
110
160
304

